.Random.seed <-
c(403L, 10L, 704778664L, -1521973845L, 2055012041L, -1283127592L, 
616762246L, 1988460129L, -1766995981L, -1385424286L, -1126302508L, 
-1923211817L, 1347196877L, -2074066076L, 1330366282L, 190135989L, 
-1460357617L, 826754838L, -1810873920L, -1195794045L, 720877473L, 
-1505904752L, -751694738L, -1266378215L, -990281045L, -2121181542L, 
-154107300L, -737460385L, 2049102133L, -1023774516L, 151444002L, 
385619069L, -1284887177L, 59507358L, 904614232L, 959498427L, 
686839385L, -369850904L, -962461674L, -329159791L, 624546883L, 
662235986L, -1320603676L, 868249127L, 70542973L, -1733511308L, 
-1595823270L, 301759909L, -1250543169L, 2011066950L, 1803149520L, 
-1270433037L, -831701999L, -1364768192L, -262336994L, -647608087L, 
-694154725L, -420529622L, -844092084L, 931786511L, 1692676677L, 
-1157295108L, 1098336850L, 409974733L, -1818615417L, -7900050L, 
2030840904L, 1339610699L, 487156649L, 1242194680L, 1082033702L, 
1448927041L, -690756397L, 1555884162L, 227509940L, -546594249L, 
1146235181L, 169364036L, 933427050L, -1399200811L, -1511033489L, 
-865324938L, -66937952L, 2114124899L, -1952216831L, 997000304L, 
772382734L, -1188396935L, 1877295115L, 830918970L, -1231630276L, 
-1593780353L, -2121143083L, 445075692L, -1730688446L, 1560710557L, 
249935895L, -1726268034L, -691215560L, 1093631003L, -579025543L, 
192672712L, 1157332982L, -1636482511L, 399275107L, 1754184754L, 
1543117188L, 250109895L, 1333695133L, 1446662676L, 1736728762L, 
38866181L, -1792674081L, -107938970L, -1401365776L, 634448403L, 
311919537L, -1694323104L, -1572414466L, -1936104567L, 156632251L, 
2056216714L, -1326849172L, 2077632751L, -529128667L, 121892316L, 
-977962062L, 2117427885L, -2069472665L, -1178932850L, 1875328616L, 
-1784558997L, -1640750071L, 834206360L, -984072762L, -930472671L, 
1935248819L, 1552976162L, -2040290540L, -520012905L, -715578483L, 
-1080172892L, 333107338L, 1644140277L, -612554417L, 647956054L, 
-34980608L, -1673115581L, 1888021473L, 2118939472L, 133260718L, 
-1829344423L, -1211825813L, -1826674470L, -84082276L, 11971999L, 
1392967669L, 2143989388L, -522482846L, 362521405L, -1305881673L, 
-1905321890L, -1070049896L, 5808379L, -688776039L, -1633649368L, 
567135190L, 543477841L, -1970838781L, -1224125806L, 528900132L, 
-1885057305L, -2111167683L, 1417911220L, 1341786138L, 451394405L, 
-1156422145L, 1727801478L, 1933136912L, 971048627L, -609143471L, 
-566579968L, 2001745886L, -1853459415L, -208251941L, 1990576362L, 
-1072658804L, -490833457L, 28896645L, -108751300L, 1909979922L, 
-174204915L, 652602183L, 1492222254L, 981231752L, 1719627147L, 
1539626345L, -1872595144L, -1204028954L, -1868415615L, 1770647827L, 
1093783234L, 1706027380L, 1800114551L, 329908845L, 321162500L, 
-345593814L, 1690428821L, 902793775L, -1499244746L, -2024814752L, 
-2108109405L, -1327716671L, 1202364080L, -1275192882L, 1417981241L, 
2059206987L, 837616378L, 873305084L, 48960575L, -323113707L, 
1581684268L, 1760951042L, -2073057315L, -383249705L, 489532862L, 
-491911176L, -1994914853L, 1763507769L, 655227212L, 1362438112L, 
288953762L, 902907304L, 767395468L, -1157120580L, -82149774L, 
510178288L, -1633989052L, 1751703640L, 627959866L, 1646456944L, 
990517308L, -2100076268L, -1662451006L, -628439328L, -2004830084L, 
1462998736L, 1677892002L, 614201384L, -558871796L, 467208636L, 
-57892046L, 1384139456L, -435688396L, 1451572936L, 688387258L, 
113546896L, 879603436L, -683910572L, -4783470L, -487175904L, 
1943245260L, -34225440L, 1649131714L, 92556328L, -1373825108L, 
1503505084L, 2118310898L, -1351035344L, -780103772L, -200258120L, 
1109186394L, 824168592L, -2022356100L, -380919532L, -565196478L, 
-1857482496L, 1328373180L, 1336418640L, -2140169950L, 135993928L, 
-1538822132L, 801187420L, -366278190L, 833336832L, -2102729388L, 
-768463640L, 253858042L, 1531684560L, 807725868L, -1580289804L, 
-306226798L, 1168178528L, 1973312524L, -1477755680L, 396014178L, 
-2026019672L, 1772584012L, -1057323140L, -820668110L, -1282645392L, 
1302848324L, 353747928L, 732386170L, -1976526800L, 1363136444L, 
1426993748L, -48353214L, 729820832L, -604126532L, -15299632L, 
-952418974L, -374223128L, 1403694284L, 1339761148L, 239844850L, 
-225549184L, -1590089228L, 1500138120L, -1535091910L, -822506160L, 
-1609503636L, -23472748L, 95117394L, 661667296L, -1648094004L, 
-627163488L, -1880723070L, -461510424L, 1887455980L, 973612348L, 
1558868082L, -1372515728L, 1261771300L, -344594376L, 1420642586L, 
-379501360L, 822249788L, -701271148L, -1402321022L, 45583296L, 
-519825860L, -856030832L, 924112930L, 325309704L, -1098831732L, 
863858460L, 607851666L, -1713973888L, -1494556652L, -1445968088L, 
-618445254L, -521612848L, -2042136212L, -1829616716L, -1211954670L, 
1025378272L, 1297050060L, 1743583456L, -1364718558L, -1410264280L, 
-1021904372L, 75993916L, 1803300850L, -1539767568L, -1622484412L, 
44482136L, -1940457670L, 1386532848L, 1638343356L, -22375148L, 
-1793319742L, -695550880L, -1923930756L, 129769424L, 1762029858L, 
-392948056L, 1573148556L, 1773667516L, -1668007118L, 1078765120L, 
-1853692748L, -527723448L, 64640442L, -1184138736L, -103039764L, 
-216030892L, -916638958L, 2076372384L, -372974900L, -662037920L, 
-1902759998L, 1436250920L, 315455916L, -361398980L, -438944910L, 
1880321328L, 170239780L, 988652856L, -555792678L, -2128773232L, 
72637180L, -1000662124L, -618417086L, -558099200L, 1352230972L, 
-966533808L, -734575454L, 861375304L, 63373068L, 1162723036L, 
-1619972270L, -594028928L, -276686764L, 1390732264L, 743140090L, 
300930384L, 634011436L, 262022004L, 141321106L, -1995222432L, 
338556812L, -1543219360L, 2021262306L, 1848318888L, -603517748L, 
1539832316L, 750573490L, -585210384L, 1560675780L, -544974504L, 
1366986106L, -1385038416L, -1574788164L, -1772048300L, 151130050L, 
1508220960L, -380505924L, 901028432L, -1528150046L, -1004126616L, 
-211374516L, -1097690884L, 1929828338L, -2064718592L, 464167796L, 
-1929158648L, -1403498054L, -1511973424L, 1334006764L, 1423985556L, 
-192455726L, -248338592L, -790789812L, 1528738080L, 2070212482L, 
-1966933972L, 144353338L, -1013979409L, 1636583801L, -1605380594L, 
-1851762724L, 1001341005L, 1434837943L, 770710848L, 261150L, 
-1776391445L, 442671725L, -2084007206L, -1932760424L, 673179905L, 
-2132726093L, 1509968340L, 1070950626L, -954322569L, 2076291265L, 
1045548102L, 888181636L, 517555509L, 1283474207L, 1869112952L, 
1303632726L, -1976327709L, 1496758181L, -324250046L, -1200481232L, 
1192935513L, -391270965L, -1309008324L, -722386838L, -293274977L, 
416368425L, 784104382L, 328493740L, -1344931843L, -1326481593L, 
1628209200L, -933246642L, -1049128581L, 1569318621L, 1428528906L, 
-1631250904L, 1955970705L, -340224381L, -387201148L, 562412978L, 
822555399L, 1498794321L, 314544342L, 138739124L, 1029724613L, 
237377807L, 516269960L, -1615309146L, -867252653L, 1226160053L, 
-457747182L, -234656032L, 1518482249L, 1385606523L, -1002674100L, 
-1710427686L, -1411953713L, -1584118375L, -570434130L, -339612996L, 
116689709L, -124258089L, -1305280224L, 990414462L, -1659908021L, 
-1276401075L, -1599883142L, 22481080L, 1783147105L, 521375763L, 
457489972L, -670164926L, 1066211415L, -1600865375L, -442581914L, 
1207751780L, -1840025707L, -145454913L, 1119680600L, 737619062L, 
281851011L, -1727621947L, 2083607010L, -95971248L, -518461063L, 
228814507L, 494085660L, -2137304758L, 438124863L, -661084279L, 
-780040290L, 580965964L, -2097848291L, -1342951001L, -1011141424L, 
-696928658L, -1311895269L, -1350958467L, -1525589910L, -765860600L, 
2097050033L, 1856570915L, 394494756L, -861281326L, -1980243929L, 
1695152753L, 23310518L, 84314196L, -1374848795L, -286976785L, 
693229608L, -1119097722L, 371566259L, -1190533099L, 2084604530L, 
-1885743424L, 905587497L, 568387995L, -1929646484L, 853906042L, 
1244566447L, -647723335L, 904685774L, 1446625820L, -808384115L, 
-119977993L, 241027840L, 2088923486L, 1683837483L, 1875295533L, 
-1574461030L, -1559994536L, 597522113L, -1160296077L, 362390164L, 
2067240738L, -357813705L, -432204031L, -791147002L, 609596484L, 
